0404040404040404040404040404040404040404040404040404040404040404
0404040414040404040405040404040404050404040403040404040404040505
0000000054434444100000015444454400000000444444450000000045444444 
0044003411440044003410440044005400541044005400440044074470450044 
0405305004044147041440400404303005044040041340500404404004044040 
0404403003044040050440400474404004044040040440400405404004034040 
0044004444004400004300344300440000450034440044000044074444705400 
0700000000000000000010000000000000710700000000000000000000010000 
7404304040400403040430404040047475043030405004040404404030300403 
0540034040744004044004404074407404400440400340040440044740044004
7044347000444400704444770744347700443400774444000044447000344400 
0404304041407404040440404047040404043040404004047404404047400404 
0744440707444370703444000044440007543400004444007043430000434400
0044004400447034004370340743004407440044004407430034073310440044
0404040404031404040404047414030404040403040404040404740404040404
0034430044707044004443073470004470534370430000340044440034700743
7440400405304070476705303044740040440400404404074044040040340400404474703 
0077444300003344000044447107443400004444700744440000444400104434
7744347044000044004344004300073470343470440000340044447054707744
0340744703407437744004400440043004307447743003400330044703400440 
0007000700070000007007070100070700000077107000707700071000000070 
7440400447740440043747034004043004304074400304307450300440030440
0447400447040440743740043073044704704767053404004300374300440370330030447
0474040330374740740374045030373004030404374047370474740440473740
7437033004477340034003400340744704307430744774310440743704400440
7303303074744040040440407474404004044040040447477474304074044740
7733447734770033704334003300073477433377337077430043337743707044
7007777043443343007077703443333377007077433434440070070033433444
0330370337027437744730743073733703374074307374307337300447737350
7340377537730447733740734703733703374774477474407337307340647337
7337034730733703033773373774376374370330377347737340744747733774
7733246770344377603433677743337077233377704343770733437007343307
7440734737732762044773373073300474370437377337037337744037033712
7330376473304703743036737347470373373773733027730237317363273773
7633340770424377673333770043357776333377773333077733437776232377
7777077760076677770767777777776607577777776770777767776706707750
7776077776707777777707077700007707777677777706767777777770767670
7677433367774234777732347076333277763232766633237777433277774333
7767132377672232677033336776432367673223607733246577344376662322
7473627226364640747373732727363572726273273737376443747237264736
6623426770133267672333757743326677232376763223666622236470122366
7372726327372714636174623627273671737303363636267322136227263536
7736677622123233776667672337223466067667222323247676756742232221
6336366326727226631636772052634573272661476462266326267116626226
6326713672366226633503307235622772366326631671466126622672367237
0666565522212232175646523433142266576665122213127666666621326222
6326523763376037622653165535512560156227521672155237535667365225
5522672256125622561305124621652256135621752255127611502214226621
5564555665676557647756256667555566565456653667675761665465076615
7216366151362560611626626134256250162652511426506127165252162550
5317256467161651502525515205264162272563611414425235266061251560
3057403050574740503050374752514130514040403147503047404040474137
3534344566677000544333441700007044234443070070002443645470070777
4471440034764307440043073471437733073400330734074570440734014307
4110740340507572304763744047740447300473273604034737047340477303
3047737447300373304775634041737447377373303774733030747330306303
3400357000447734330743770744704333074477773407434470337777427623
3344333443443343344443433542343334353333433444433343433333352433
3737730363033037474663747373373037207273747340373720037373743737
3072470303370347467336737327733727733772033603304163367274377337
2407712334777724336677333307774433777024336077324377772442770643
3736747364733737372773747373373736376262637347373737737463733036
2270772333077723346077333370772334077733336706243467774233767123
3377236733673376336633673277337733072367337732074377327743703377
3636372637372737373727373026473737373637373637372726272727373727
3367772377243370327676327732137723766734763333763176773367342367
3771633626637236267272372772723036737336277263263772632730637236
3223667733327777333277774232066633236677323277762232766022227777
2277772376333366327677236733226733766722772323763367762266233276
2672277327732663266227632662276337732672276336632673376337722762
3232223323223223333323313223223233322232322332223332331233332223
2763633673363672267362366327276336626236633636632772722663273672
2661733662372672276271266236366227637226633527622672623662262773
3626263572627253362636366272726226263626727362633627263572626362
2662276225623672366226623662266335622661267227622662266236632662
1636636326146262262662631726626326266252262662622626537226266262
2166652256121266225566116521216622566512651211651265662266212266
2112212256555667122222226666555612111321656666551222112255556565
1561612661361662265162165116265126525226521625521662511552252551
1651522561151552256252155225255215626116512516622551511662152562
1551155152155125256125625216611515512661522552261650155151165125
1166561122655612215555212266551111655611115665212255561221556511
2561156151155215165215516106521525522551512552161551255151155115
2560511515515115156151151551611515515125246152151551511515415125
1155551212555612115555111155651111555512115555112166551111655612
1111211121111111112111112111111111111111211211101112111121111110
1211111121102121111111111111211211111111112101011111121211011112
1111555511115555101155551111555512215565111155550102565511115555
1110555511115455110055551111555512115555111054551011555511115555
1515051551515051151504145151515115151515515151512415151551515141
1155551011555511115545111155551101555500014545101054551111545511
1515051551415151151515154151415004150514515041411514050541505151
1111110155554555111011115555555511111111554445540111010155455555
1450511441150550155150145114055105514115401515500551501550151551
1541055114411550155105511551055015511551155115410551145005510540
1111111156544545111111115465555610111111544455451001101055454454
1550144125510551155015421551155114500551145015511441044114510551
1055015410541144105411551045104510551044115400441155114511540154
0110111011002111011011110110001101111101110111111110001110001001
1450411414404105155041041551400515503114045151151541501414415115
1451500415504015155150150550401415415014154141151441501515415015
0404041405040404040474040304040404040404040404040404040474140404
0000700043444444770001004444444400000000454444440000000044444454
0044004400440144014410440044004407430044004400440044004400440743
7404404073143040040440400404404004044741040437400403404074044040
0404404004044040040440407404404074033140040440300304404004044040
0745004434004300004400444400430700430044440034000044004434073400
0770007770700000077700000700000070070007000000000000000000000000
0404403030500314040430404040047404044040404003040314474040400404
0447033730043004044003404004470304470430400440040430044037044003
0044440000444400004444070744347000443300004444000044440700444400
0403304040400474040447304040040404735040473704040404403040407414
7144447707444477004444000043441007344400003443700744447000444400
0044004477340043004400440044004407340033003407440044003400440044
0403040404047404040304030404040404041404740404047304030404040472
0044440744070734004444704400704500344400447077540044440044000044
7447300404404704044040730440470304404074044040040437370504403004
0000444300004444007743340000344400104444070733447000444400004444
0044440043700143004544004400073400444400440700440044440044000044
0430043004400440043003410430044704400440034074407447733004400430
1000100070000177070007000000000000000007000000100001000000000070
0440407450047340044030034003034704404004410404400340300440047440
0447307440040440034040044704044704405004470474407440570447040440
0404030440404740140473734040404704057404374740400404040430403030
0330044074400340044004407440033704377440743003400430744073470440
0304474003744047040440470574473774043040030430300404404004744040
0034341033070044004444004400004510343400340007440044440744000044
1000100044443434000000704454444400000000454344440000000044344444
0440470440050450044037044004044004403004300414400447500440040440
0440400440040441054040034704044074403004407514501540400430040440
0450043040044005044014474004400414400440400440040440044047044004
0044440000444500004554000044430000444410004454007044440001444400
0441044040044004044004404003400404400441400440040440044040034004
0440400404404004044040040340400314404004743040140440401304474004
0043440007444400175443100045440000444400004444000045447000444407
0000100070000070000000700001000007000070007000000070000000000010
0070000000000000000000000000000000000007001000000000000077000007
0000444400004444077744440000444407004344000754440777444401004443
7000444377004444007043347000444400105444000744440000444401004444
0404040440404040030404044040404004040504404040300404040440404040
0044450000444400075444710044440000444400004444000044430700444400
0404040440304040040404044741304004040404404040400504040440403040
0100000744444443000000004444444400000000443444440000000044444444
0440400440040440044040054004044004405004400404500430400440040440
0440044074400440044704501447044004471440044005400340044004410440
0000010744544444000007004444444400010007344444440007000044444434
0450744014400441144004400440044004570431043114400440044003400440
0744004400440043004400440044003400340754004301351044014400540045
0000007001000110070000000000000000010070000000100000001000010000
0430400404504004053040041440400304404004044140140441400404404003
0440400404404004044740030440400404404704044041040450401404404074
0405040405040514050405040404030404040314041404040404740504747404
0011700754444334000110004544545470000000444454440007000044445444
0044005411440144004400440044004400440044104500440045174410440033
7404404004043040751450300404404704044141040440400404404704044050
0404304005044141040341400474374005044051040440407405404004045040
0044005444004300004500434300340007440754450044000043004435104400
0700010001000000700001000000000007000070000000100001000000001100
0404305050400404040551404740140405044040304074040414304740300304
0451044041044004044004304004300304500340307550030440044040055005
0034340070443300704553170044540007344410105454000743450000544500
7404405140500304041340304047047405035050473704740404304040300404
7144450777343500705344100044441107454517014335007044441100355410
1033114370440054074407540044004516441143714470450043023301347744
0474041504031504040304041404047504732503040502031514731504147303
0753441064100144003454022300703306457000450200357054330744501023
7430470505404003044031030357317314274055632147750331501344573175
7007573377675133777133355065361536265532716723140376163301102222
5622140744707552034542063275072356143320320613347652433655475135
1430031562365216544504570436025704163324631672477225633770350345
0565506566066676676625727007557366617666756676565666651675063757
4210267416535320522636623653721674171653365161255236276327016327
7337356525627237521626723763712574361761166062256327266126616216
6362636126253636536162635616252772627371263616167262636236262626
6227622764176236622062266236633672265320622762276237632663377226
6272261762733727626217267263263663632637720236266264272662613637
7733340733077733774433003400704477433407347077430033437743700744
0707707743443333007007704343443477000777433444440777077044343434
0440300337030447744730744003034004373004300404470347400347047340
7440407440040340744030734003043004304074407504300441400340040440
0440044040044004044004474074307404400440400450030440044040044004
0044340000444400004544000744440000444400004454000044540000444400
0440044040044004044004404004400404400440407440040440044040044004
0440400405404004044040040440400404404004044140040440410404404004
0044440000444400005444101044440000444400004444000044540000444400
0000000000000000000100000000000000000001000000000000100000010000
0000100000000001000010100000000000010000000000000000001000011000
1000444410105444000044440000444500004444010055440000544500004444
0000544400003444000044440110444500005444010045440000445410104444
0504041540405150040404044040404014040514405040400514050440404040
0054540000454411004554000045440000454400004444010044440000445400
0414040540404040051405044040414005040505405140500404040440404050
1000001744444444000000014544454510100100454444450000100045454444
0540500440041441044040054104054005505004400404500541400440040440
0441044004500440055014501440144015400440044014400440054014501451
1000110054544445000000015545444500011000454445441000001144544444
0450044114401441144005401440044005400441044114400440045104401541
0044014410450054105410441044004400450044014400451054014411441045
0000100001010100000010100001001000010000010100101101101000011100
1440400505405014144140041450400414404004044140050441410404404004
0441400405404004054050040440400405414005044040040451401504504104
0404040414040514050405040404040404040414041404040414040504040505
0000000044544444000100005444444400000000444444450000100044444444
0044005411440044004400440045004400540044104500450045004400440044
0404404004044040041440400404504004044040041440410404404004044050
0404404004044140050440400404404004044040040440400405404004045040
0044004444004400004400444400440000440044540044000044004444004400
0000100000000000000010100000000000010000000000000000000000000000
0404404040400404141440404040040404044040404004040404404040400404
0440044040044004044004404004400404400440400450040440044040044004
0044440000444400004544000044440000444400004444000044540000444400
0504405040400404040440404040040404044040404004040404404040400404
0044440000444400004454000044440000444400014444000044440000444400
0044004400440044004400440044004400440044004400440044004400440044
0404040404040404040404040404040404040504040404040404040504040404
0044440044000044004444004400004400444400440000440044440044000044
0440400404404004044040040440400404404004044040040440400404404004
0000444400004444000044440000444400005444000044440000444400004444
0044440044000044004444004400004400444400440000440044440044000044
0440044004400440044004400440044004400440044004400440044004400440
0000000000000000000000000000000000010000100000000000000000000000
0440400440040441044040044004044004404004400404400440400440040440
0440400440040440044040044004044004404004400404400440400440040440
0404040440404040040404044040404004040404404040400404040440404040
0440044004400440044004400440044004400440044004400440044004400440
0404404004044040040440400404404004044040040440400404404004044040
0044440044000044004444004400004400444400440000440044440044000044
0000000044444444000000004444444400000000444444440000000044444444
0440400440040440044040044004044004404004300404400440400440040440
0440400440040440044040044004044004404004400404400440400440040440
0440044040044004044004404004400404400440400440040440044040044004
0044440000444400004444000044440000444400004444000044440000444400
0440044040044004044004404004400404400440400440040440044040044004
0440400404404004044040040440400404404004044040040440400404404004
0044440000444400004444000044440000444400004444000044440000444400
0000000000000000000000000000000000000000007000000000000000000000
0000000000000000000010000000000000000000000000000000000000000000
0000444400004444000044440000444400004444000044440000444400074444
0000444400004444000044440000444400004444000044440000444400004444
0404040440404040040404044040404004040404404040400404040440404040
0044440000444400004444000044440000444400004444000043440000444400
0404040440404040040404044040404004040404404040400404040440404040
0000000744444444000000004444444400000000444444440000000044444444
0440400440040440044040044004044004404004400404400440400440040440
0440744004400440044004400440044004400440044004400440044004400440
0000000044444444000007004444444400000000444444440000000044444444
0440044004400440044004400440044004400430044004400440044004400440
0044004400440044004400440044003400440044004400440044004400440044
0000000000000000000000000000000000000000000000000000000000000000
0440400404404004044040040440400404404004044040040440400404404004
0440400404404004044740040440400474404004044040040440400404404004
0404040404040404040404040404040404040404040404040404040404040404
0000000044444444000000004444444400000000444444440000000034444444
0044004400440044004400440044004400440044004400440045004400440043
0404404004044040040440400404404004044040040440400404404004044040
0404404004044040040440400474404004044040040440400404404004044040
0044004444004400004400444400440000440044440044000044004444004400
0000000000000000000000000000000000000000000000000000000000000000
0404404040400404040440404050040404044040405004040404404040400404
0440044040044004044004404004400404400440400440040440044040044004
0044440000444400003444000044440000444400004444000044440000444400
0404404041400304040440404040040404044040474014040404404040400404
0044440700444400004454000044440000444400004444000144540000444400
0044004400440043004400440044004400440044004400440044004400440044
0404040404050404040404040404040404040404040404040404040404040404
0044447044000044004444004400704400344400440000440044441044000044
0440400404404004045040040440400404404014045041030440400504305004
0000444400104444001044440010444401004444000044440000544400004444
0054440044000044105455004400004500544470440110440144447044000044
0440044004500440044004400441054074400440044005400450044704500430
0010101001001000000100000001000000101011101010011000100010000000
0440300540040450044040044104054114404103411414410520500451041440
0540401440047450054040144004144003414014401405311340401450140551
1304161452404041141515044140504004051414554240500506021360504150
0557145054301440144013411551034514500557056005501447154100400451
0624514114033147040550410626574013736230757440400603426015244727
2607021210544430442260757143261113100253726574135257243416457310
1404154422227700565073542207201113565445130033325443524531017221
5205744504565074231305612550573552031540046170136704357112504026
6105145216517110510706410367421551741542243360665317267005604407
6106401517412654521433040451045112355016144323305126612615672542
7410017445020165361321744310314564021065663122465427226557416356
4216610735576541522561251750256242753217356017603114321630662463
5106254262252567630616517126166103152552502725326316266151251753
5011137665202165753221766623125755111265672132664730225557022065
5576555546665555567675555455656565766656765576765454675656665766
5554665657666766656666776567767665466655567765766667557555666765
7755222175742322665511137665211376471211176533216666373360772112
6775231766677121655721135777233304753221576612136065132167661001
0352617311252637516262631626171763415373364616155372627315352425
6531336557321367652233576522325666233475671312576733124566223255
0272616316163600547353712410273563626263253635276403726226161637
0065566521612122655735571333335375065755031231236065707623223110
1436246415717220611526642652533763250757455351445217156315606164
4316721652260114332571266225773664145217525561356714524664267127
0144205431360722664574604232302415500355130122116665547623333111
6137512623066327041542147165511563165106611174044127713741260317
6527662166027431602354410420551245024542642140130531523270626723
7454775657665737556665066567674465473545630766776656547555656675
0216244263362567711716517033275103152643511736346017267121351247
5236155263750652521427414156254212064542511211406127067361250752
4263713262625362646162515162616142627173517151616242525361505363
4566565532311112764654661010222255766666211232137555655622221313
6521533267126322660355215502561146246532752326135623651056035611
5262152653621615577246155157162562620627727215255252162552523325
3261150643622637435116167162152663622537716025254253261541503636
6521763112562165542055011065126665125602125522565521543222562275
5555755666675556556675056567666566565456544765766667557566766565
7262052746165250617356062514625143610637163651626142161516164260
6215512627523651671562151541154242066116155725416227622625612652
4511023556121155462211555420115565132136543152565521204665021066
5352253615144161615026161515605257610626161560515161161605056150
5421026555211056561131456601014565311065761114654510105665111266
5411760155215531660365125627662255211721563256216511541165125531
6252616670517261616162514262505152515260526151516252516252416161
6511205641465322551221541147561055321066206466124741115401466611
5216255262063567601516615114275142151651411675576025165141262550
6445211065541011655611135653221155541110565611126455102165761111
4510125522455511642201552064551255122135213674125521304631464513
6217511451255105412461066125510662054113410550256015520560245115
5454565555445456565544645745546355565554645564454565541564745556
4206355215425116501424512542620562060553155151054135067106615216
6115255114615115410515611652511561251451056051155215055125505105
5352525015042625524151522505051661516260152614156151425225141506
4215520562265235521651155115421561154217511451165026520552155124
4160150640521615414105157152061562621515517015155243061551505415
4211004411545501550201451055442144100355124535105401274420564501
3435455560200011644544561001127144655555100171723455534675120001
5115155015505004471405311551505550041550154147055015754114504115
4105155715413124500316411550501560032641055150055010154005415014
4274412423312457520547050531054131055015055704404117417404407452
4510722445020135452110444410015654110135540210545401214454010055
4115311465500440501441251350153140053114754114414714427504501457
5106154141057550401403514013234141151551410275405716074141051457
5311104445101145457101357520005354101055570271755300005545020155
5544455545744455545534545444454555334456444533435455545654554445
5454545653564443445554544563555465454445553254265554544455553325
4454200064542011555510105743112044531000444511006554107053441101
6545271055540001556400105544207145332000554511005345070165751100
3060506015032414415052371635141567404050065504145140414015032514
4410003555710164450217556501115455310144531701534470106455110055
3141576116161504505152301404150561414150051475234150405025141475
4445435411002112655544531210060045444555111112006455644500127101
3105155004502015410526501540500472050550055751045026155015515105
5004411450144105400551755745411662054113520560145014527357245100
4453464511111001454644556451002745554454100117115454540600207102
6204511541766115411551066105417453655104511561054126012350145113
5510470144025501642655017320561245124502640154124510451135016411
0554345665564454456665555667565465454545553466434556556455771555
4215154253740660711615515044275131152661511415406010756041352450
5205266160060760501524515106155162062551410424416025156162252541
6421771111661156553165123054316455216720226511675611561212562055
6226511724611551510631262653246252157024165225615213522515611551
5227156125616225402516523461577751252651165261256116165225525126
6152152652611615606366156161161661521516526215255252161552522626
5511761165225522561366534621552365225722572256226521531167125522
4621571266146612753265126520661256135512661155226511552256116430
6511552122552256560265121257126565226522116002566712651022562256
6555555555655566565555766766456565575554655565555565644565665656
5512751111651256461266523265216465226531325612275511551112561175
5521662212431266652165111075125665135511115611566511551223563265
5555655665665556555665566666566565575555655566656665555566565666
5116521727621561711651151562166152165215155016516026521515520550
5511126521656521551211451265652265111255126555126510215521565522
5162615151516261515162615261616042515261624251612243515152516251
6565111111226556565511211122566465551111111155766656111112215656
5116521652155225511562255126521662164217611651156115521552266115
6555111112115556555611121211675565552211221156565455112111125555
5555555512211112665555562021121255555655211217125555655601120111
6511561255026512651254115612451155216522652255125612551146125511
5152151615165250616105151515525152610625152551616141161505165160
5655566555555555556555556655555555555555555556555565655556565555
6115511515510550511541251542155142156115156215415116522415510551
5555101255552111555611215565111156452011555511214666111155551211
5116255215415125601515511551511561151551155152155116165115415016
5411115511556501550211261155551055101255115645116510205521465521
5016716233337526403143511325535126726073630626436125171036527562
7602777207231657367476353332456517060534345172305004132421762773
4010105036370465540716070437611431332334616571511740670370726661
524206
